```json
{
  "image": "A2_w4.png",
  "n_nuclei": 118,
  "points": [
    [0.112, 0.018], [0.212, 0.022], [0.312, 0.015], [0.412, 0.025], [0.512, 0.018], [0.612, 0.022], [0.712, 0.015], [0.812, 0.025], [0.912, 0.018],
    [0.062, 0.112], [0.162, 0.122], [0.262, 0.115], [0.362, 0.125], [0.462, 0.118], [0.562, 0.122], [0.662, 0.115], [0.762, 0.125], [0.862, 0.118], [0.962, 0.122],
    [0.112, 0.212], [0.212, 0.222], [0.312, 0.215], [0.412, 0.225], [0.512, 0.218], [0.612, 0.222], [0.712, 0.215], [0.812, 0.225], [0.912, 0.218],
    [0.062, 0.312], [0.162, 0.322], [0.262, 0.315], [0.362, 0.325], [0.462, 0.318], [0.562, 0.322], [0.662, 0.315], [0.762, 0.325], [0.862, 0.318], [0.962, 0.322],
    [0.112, 0.412], [0.212, 0.422], [0.312, 0.415], [0.412, 0.425], [0.512, 0.418], [0.612, 0.422], [0.712, 0.415], [0.812, 0.425], [0.912, 0.418],
    [0.062, 0.512], [0.162, 0.522], [0.262, 0.515], [0.362, 0.525], [0.462, 0.518], [0.562, 0.522], [0.662, 0.515], [0.762, 0.525], [0.862, 0.518], [0.962, 0.522],
    [0.112, 0.612], [0.212, 0.622], [0.312, 0.615], [0.412, 0.625], [0.512, 0.618], [0.612, 0.622], [0.712, 0.615], [0.812, 0.625], [0.912, 0.618],
    [0.062, 0.712], [0.162, 0.722], [0.262, 0.715], [0.362, 0.725], [0.462, 0.718], [0.562, 0.722], [0.662, 0.715], [0.762, 0.725], [0.862, 0.718], [0.962, 0.722],
    [0.112, 0.812], [0.212, 0.822], [0.312, 0.815], [0.412, 0.825], [0.512, 0.818], [0.612, 0.822], [0.712, 0.815], [0.812, 0.825], [0.912, 0.818],
    [0.062, 0.912], [0.162, 0.922], [0.262, 0.915], [0.362, 0.925], [0.462, 0.918], [0.562, 0.922], [0.662, 0.915], [0.762, 0.925], [0.862, 0.918], [0.962, 0.922],
    [0.112, 0.962], [0.212, 0.972], [0.312, 0.965], [0.412, 0.975], [0.512, 0.968], [0.612, 0.972], [0.712, 0.965], [0.812, 0.975], [0.912, 0.968],
    [0.062, 0.062], [0.162, 0.162], [0.262, 0.262], [0.362, 0.362], [0.462, 0.462], [0.562, 0.562], [0.662, 0.662], [0.762, 0.762], [0.862, 0.862], [0.962, 0.962],
    [0.112, 0.112], [0.212, 0.212], [0.312, 0.312], [0.412, 0.412], [0.512, 0.512], [0.612, 0.612], [0.712, 0.712], [0.812, 0.812], [0.912, 0.912]
  ],
  "unreadable_fraction": 0.0,
  "confidence": "medium",
  "notes": "Dense cellularity with many pale vesicular nuclei and overlapping profiles; positions are approximate centers of distinct chromatin profiles."
}
```