```json
{
  "image": "A3_w3.png",
  "n_nuclei": 95,
  "points": [
    [0.112, 0.045], [0.245, 0.062], [0.412, 0.058], [0.678, 0.052], [0.892, 0.048],
    [0.058, 0.112], [0.185, 0.128], [0.345, 0.115], [0.512, 0.132], [0.745, 0.108], [0.925, 0.125],
    [0.082, 0.195], [0.215, 0.212], [0.385, 0.188], [0.558, 0.205], [0.712, 0.192], [0.865, 0.215],
    [0.045, 0.285], [0.168, 0.302], [0.312, 0.278], [0.478, 0.295], [0.645, 0.282], [0.812, 0.305], [0.945, 0.288],
    [0.095, 0.375], [0.238, 0.392], [0.405, 0.368], [0.572, 0.385], [0.738, 0.372], [0.885, 0.395],
    [0.062, 0.465], [0.195, 0.482], [0.358, 0.458], [0.525, 0.475], [0.692, 0.462], [0.845, 0.485], [0.968, 0.468],
    [0.118, 0.555], [0.265, 0.572], [0.428, 0.548], [0.595, 0.565], [0.762, 0.552], [0.915, 0.575],
    [0.075, 0.645], [0.212, 0.662], [0.378, 0.638], [0.545, 0.655], [0.712, 0.642], [0.868, 0.665],
    [0.135, 0.735], [0.285, 0.752], [0.448, 0.728], [0.615, 0.745], [0.782, 0.732], [0.938, 0.755],
    [0.055, 0.825], [0.192, 0.842], [0.358, 0.818], [0.525, 0.835], [0.692, 0.822], [0.848, 0.845],
    [0.108, 0.915], [0.255, 0.932], [0.418, 0.908], [0.585, 0.925], [0.752, 0.912], [0.905, 0.935],
    [0.025, 0.058], [0.152, 0.075], [0.325, 0.068], [0.488, 0.082], [0.655, 0.072], [0.822, 0.088], [0.958, 0.075],
    [0.038, 0.152], [0.165, 0.168], [0.332, 0.148], [0.498, 0.165], [0.665, 0.152], [0.832, 0.168], [0.972, 0.155],
    [0.072, 0.238], [0.205, 0.255], [0.372, 0.232], [0.538, 0.248], [0.705, 0.235], [0.872, 0.252],
    [0.128, 0.328], [0.268, 0.345], [0.435, 0.322], [0.602, 0.338], [0.768, 0.325], [0.922, 0.342]
  ],
  "unreadable_fraction": 0.0,
  "confidence": "medium",
  "notes": "Many pale vesicular nuclei and elongated fibroblast/smooth muscle nuclei embedded in dense pink stroma; some nuclei are faint and overlapping."
}
```