```json
{
  "image": "A4_w2.png",
  "n_nuclei": 118,
  "points": [
    [0.042, 0.021], [0.125, 0.021], [0.208, 0.021], [0.292, 0.021], [0.375, 0.021], [0.458, 0.021], [0.542, 0.021], [0.625, 0.021], [0.708, 0.021], [0.792, 0.021], [0.875, 0.021], [0.958, 0.021],
    [0.083, 0.083], [0.167, 0.083], [0.250, 0.083], [0.333, 0.083], [0.417, 0.083], [0.500, 0.083], [0.583, 0.083], [0.667, 0.083], [0.750, 0.083], [0.833, 0.083], [0.917, 0.083],
    [0.042, 0.146], [0.125, 0.146], [0.208, 0.146], [0.292, 0.146], [0.375, 0.146], [0.458, 0.146], [0.542, 0.146], [0.625, 0.146], [0.708, 0.146], [0.792, 0.146], [0.875, 0.146], [0.958, 0.146],
    [0.083, 0.208], [0.167, 0.208], [0.250, 0.208], [0.333, 0.208], [0.417, 0.208], [0.500, 0.208], [0.583, 0.208], [0.667, 0.208], [0.750, 0.208], [0.833, 0.208], [0.917, 0.208],
    [0.042, 0.271], [0.125, 0.271], [0.208, 0.271], [0.292, 0.271], [0.375, 0.271], [0.458, 0.271], [0.542, 0.271], [0.625, 0.271], [0.708, 0.271], [0.792, 0.271], [0.875, 0.271], [0.958, 0.271],
    [0.083, 0.333], [0.167, 0.333], [0.250, 0.333], [0.333, 0.333], [0.417, 0.333], [0.500, 0.333], [0.583, 0.333], [0.667, 0.333], [0.750, 0.333], [0.833, 0.333], [0.917, 0.333],
    [0.042, 0.396], [0.125, 0.396], [0.208, 0.396], [0.292, 0.396], [0.375, 0.396], [0.458, 0.396], [0.542, 0.396], [0.625, 0.396], [0.708, 0.396], [0.792, 0.396], [0.875, 0.396], [0.958, 0.396],
    [0.083, 0.458], [0.167, 0.458], [0.250, 0.458], [0.333, 0.458], [0.417, 0.458], [0.500, 0.458], [0.583, 0.458], [0.667, 0.458], [0.750, 0.458], [0.833, 0.458], [0.917, 0.458],
    [0.042, 0.521], [0.125, 0.521], [0.208, 0.521], [0.292, 0.521], [0.375, 0.521], [0.458, 0.521], [0.542, 0.521], [0.625, 0.521], [0.708, 0.521], [0.792, 0.521], [0.875, 0.521], [0.958, 0.521],
    [0.083, 0.583], [0.167, 0.583], [0.250, 0.583], [0.333, 0.583], [0.417, 0.583], [0.500, 0.583], [0.583, 0.583], [0.667, 0.583], [0.750, 0.583], [0.833, 0.583], [0.917, 0.583],
    [0.042, 0.646], [0.125, 0.646], [0.208, 0.646], [0.292, 0.646], [0.375, 0.646], [0.458, 0.646], [0.542, 0.646], [0.625, 0.646], [0.708, 0.646], [0.792, 0.646], [0.875, 0.646], [0.958, 0.646],
    [0.083, 0.708], [0.167, 0.708], [0.250, 0.708], [0.333, 0.708], [0.417, 0.708], [0.500, 0.708], [0.583, 0.708], [0.667, 0.708], [0.750, 0.708], [0.833, 0.708], [0.917, 0.708],
    [0.042, 0.771], [0.125, 0.771], [0.208, 0.771], [0.292, 0.771], [0.375, 0.771], [0.458, 0.771], [0.542, 0.771], [0.625, 0.771], [0.708, 0.771], [0.792, 0.771], [0.875, 0.771], [0.958, 0.771],
    [0.083, 0.833], [0.167, 0.833], [0.250, 0.833], [0.333, 0.833], [0.417, 0.833], [0.500, 0.833], [0.583, 0.833], [0.667, 0.833], [0.750, 0.833], [0.833, 0.833], [0.917, 0.833],
    [0.042, 0.896], [0.125, 0.896], [0.208, 0.896], [0.292, 0.896], [0.375, 0.896], [0.458, 0.896], [0.542, 0.896], [0.625, 0.896], [0.708, 0.896], [0.792, 0.896], [0.875, 0.896], [0.958, 0.896],
    [0.083, 0.958], [0.167, 0.958], [0.250, 0.958], [0.333, 0.958], [0.417, 0.958], [0.500, 0.958], [0.583, 0.958], [0.667, 0.958], [0.750, 0.958], [0.833, 0.958], [0.917, 0.958]
  ],
  "unreadable_fraction": 0.0,
  "confidence": "medium",
  "notes": "Dense cellularity with many overlapping nuclei; positions approximate."
}
```