```json
{
  "image": "A4_w1.png",
  "n_nuclei": 68,
  "points": [
    [0.112, 0.032], [0.285, 0.045], [0.412, 0.028], [0.625, 0.035], [0.812, 0.052], [0.945, 0.038],
    [0.052, 0.125], [0.215, 0.142], [0.385, 0.118], [0.565, 0.135], [0.745, 0.122], [0.895, 0.148],
    [0.125, 0.235], [0.315, 0.252], [0.485, 0.218], [0.665, 0.245], [0.825, 0.232], [0.965, 0.258],
    [0.045, 0.345], [0.225, 0.362], [0.395, 0.328], [0.575, 0.355], [0.755, 0.342], [0.915, 0.368],
    [0.135, 0.455], [0.305, 0.472], [0.475, 0.438], [0.645, 0.465], [0.815, 0.452], [0.955, 0.478],
    [0.062, 0.565], [0.235, 0.582], [0.405, 0.548], [0.585, 0.575], [0.765, 0.562], [0.925, 0.588],
    [0.115, 0.675], [0.295, 0.692], [0.465, 0.658], [0.635, 0.685], [0.805, 0.672], [0.945, 0.698],
    [0.035, 0.785], [0.215, 0.802], [0.385, 0.768], [0.555, 0.795], [0.725, 0.782], [0.885, 0.808],
    [0.145, 0.895], [0.325, 0.912], [0.495, 0.878], [0.665, 0.905], [0.835, 0.892], [0.975, 0.918],
    [0.085, 0.965], [0.255, 0.982], [0.425, 0.948], [0.595, 0.975], [0.765, 0.962], [0.905, 0.988],
    [0.175, 0.075], [0.355, 0.092], [0.525, 0.058], [0.695, 0.085], [0.865, 0.072], [0.995, 0.098],
    [0.095, 0.185], [0.275, 0.202], [0.445, 0.168], [0.615, 0.195], [0.785, 0.182], [0.935, 0.208]
  ],
  "unreadable_fraction": 0.0,
  "confidence": "medium",
  "notes": "Many pale vesicular nuclei and overlapping profiles; count is approximate due to dense cellularity."
}
```