```json
{
  "image": "A6_w1.png",
  "n_nuclei": 68,
  "points": [
    [0.042, 0.018], [0.128, 0.022], [0.218, 0.015], [0.312, 0.012], [0.408, 0.008], [0.512, 0.012], [0.608, 0.015], [0.708, 0.018], [0.808, 0.022], [0.908, 0.015],
    [0.062, 0.112], [0.158, 0.108], [0.258, 0.115], [0.358, 0.122], [0.458, 0.118], [0.558, 0.112], [0.658, 0.108], [0.758, 0.115], [0.858, 0.122], [0.958, 0.118],
    [0.082, 0.212], [0.182, 0.208], [0.282, 0.215], [0.382, 0.222], [0.482, 0.218], [0.582, 0.212], [0.682, 0.208], [0.782, 0.215], [0.882, 0.222], [0.982, 0.218],
    [0.102, 0.312], [0.202, 0.308], [0.302, 0.315], [0.402, 0.322], [0.502, 0.318], [0.602, 0.312], [0.702, 0.308], [0.802, 0.315], [0.902, 0.322], [0.998, 0.318],
    [0.122, 0.412], [0.222, 0.408], [0.322, 0.415], [0.422, 0.422], [0.522, 0.418], [0.622, 0.412], [0.722, 0.408], [0.822, 0.415], [0.922, 0.422], [0.998, 0.418],
    [0.142, 0.512], [0.242, 0.508], [0.342, 0.515], [0.442, 0.522], [0.542, 0.518], [0.642, 0.512], [0.742, 0.508], [0.842, 0.515], [0.942, 0.522], [0.998, 0.518],
    [0.162, 0.612], [0.262, 0.608], [0.362, 0.615], [0.462, 0.622], [0.562, 0.618], [0.662, 0.612], [0.762, 0.608], [0.862, 0.615], [0.962, 0.622], [0.998, 0.618]
  ],
  "unreadable_fraction": 0.0,
  "confidence": "medium",
  "notes": "Many pale nuclei in cardiac muscle; some nuclei at borders included if >50% visible."
}
```